Run semi-empirical minimization
 &qmmm
  qm_theory='AM1',grms_tol=0.0002,tight_p_conv=1,
  scfconv=1.0d-10,itrmax=500,pseudo_diag=1,
  maxcyc=1000,
  qmcharge=0,
 /
   6    C1        1.2700       -0.1550        0.1940 
   6    C2        2.7030       -0.0190       -0.1620 
   7    N3        3.5000       -1.1160       -0.3830 
   6    C4        4.7770       -0.7250       -0.7190 
   6    C5        5.9020       -1.4920       -1.0380 
   6    C6        7.0830       -0.8100       -1.3480 
   6    C7        7.1330        0.5820       -1.3340 
   6    C8        5.9980        1.3340       -1.0090 
   6    C9        4.7970        0.6680       -0.6970 
   6   C10        3.4890        1.1000       -0.3410 
   1   H11        0.7990        0.8270        0.3040 
   1   H12        1.1570       -0.6950        1.1380 
   1   H13        0.7310       -0.7020       -0.5860 
   1   H14        3.1970       -2.0780       -0.3210 
   1   H15        5.8670       -2.5770       -1.0500 
   1   H16        7.9760       -1.3760       -1.6050 
   1   H17        8.0610        1.0920       -1.5800 
   1   H18        6.0430        2.4190       -1.0010 
   1   H19        3.1600        2.1260       -0.2370 

