Run semi-empirical minimization
 &qmmm
  qm_theory='AM1',grms_tol=0.0002,tight_p_conv=1,
  scfconv=1.0d-10,itrmax=500,pseudo_diag=1,
  ndiis_attempts=0,maxcyc=1000,
  qmcharge=0,
 /
   1    H1        1.2160       -0.4430        2.4390 
   6    C2        0.6690       -0.3640        1.5050 
   6    C3       -0.7160       -0.4550        1.4930 
   1    H4       -1.2570       -0.6010        2.4240 
   6    C5       -1.4140       -0.3550        0.2910 
   1    H6       -2.4990       -0.3990        0.3590 
   6    C7       -0.7870       -0.1950       -0.9740 
   6    C8        0.6210       -0.0230       -0.9010 
   7    N9        1.5630        0.2850       -1.8640 
   6   C10        1.3460       -0.1230        0.2980 
   6   C11        2.7250        0.0640        0.0020 
   6   C12        2.8270        0.3150       -1.3410 
   6   C13       -1.6810       -0.1240       -2.2200 
   1   H14       -2.1020        0.8890       -2.2470 
   6   C15       -1.0630       -0.4680       -3.5840 
   1   H16       -1.7480       -0.1340       -4.3760 
   1   H17       -0.1100       -0.0060       -3.8190 
   6   C18       -1.0010       -1.9910       -3.6150 
   1   H19       -1.0690       -2.3750       -4.6380 
   1   H20       -0.0580       -2.3500       -3.1880 
   6   C21       -2.1740       -2.4530       -2.7550 
   1   H22       -2.8900       -3.0510       -3.3270 
   1   H23       -1.8110       -3.0720       -1.9260 
   6   C24       -2.8210       -1.1710       -2.2290 
   1   H25       -3.5950       -0.8490       -2.9390 
   1   H26       -3.3310       -1.3430       -1.2800 
   1   H27        3.5460        0.0370        0.7060 
   1   H28        3.6830        0.5290       -1.9670 
   1   H29        1.3640        0.4920       -2.8270 

