Run semi-empirical minimization
 &qmmm
  qm_theory='AM1',grms_tol=0.0002,tight_p_conv=1,
  scfconv=1.0d-10,itrmax=500,pseudo_diag=1,
  ndiis_attempts=0,maxcyc=1000,
  qmcharge=0,
 /
   1    H1        1.1390       -0.3910        2.4490 
   6    C2        0.5980       -0.2940        1.5130 
   6    C3       -0.7940       -0.4410        1.4850 
   1    H4       -1.3300       -0.6510        2.4070 
   6    C5       -1.4950       -0.3260        0.2860 
   1    H6       -2.5760       -0.4480        0.2840 
   6    C7       -0.8310       -0.0560       -0.9150 
   1    H8       -1.3810        0.0310       -1.8460 
   6    C9        0.5610        0.0880       -0.8680 
   7   N10        1.4660        0.3470       -1.8750 
   6   C11        1.2870       -0.0280        0.3150 
   6   C12        2.6550        0.1520       -0.0200 
   6   C13        2.7520        0.3740       -1.3830 
   1   H14        1.2020        0.4720       -2.8410 
   1   H15        3.4890        0.1030        0.6670 
   6   C16        3.9870        0.5480       -2.2270 
   1   H17        4.5550       -0.3880       -2.1600 
   6   C18        3.7520        0.9030       -3.6970 
   1   H19        4.6360        0.6080       -4.2780 
   1   H20        2.8960        0.4050       -4.1600 
   6   C21        3.6310        2.4250       -3.7430 
   1   H22        4.1290        2.8280       -4.6320 
   1   H23        2.5810        2.7330       -3.7890 
   6   C24        4.2750        2.9440       -2.4600 
   1   H25        5.0500        3.6900       -2.6640 
   1   H26        3.5160        3.4240       -1.8310 
   6   C27        4.8530        1.7210       -1.7560 
   1   H28        5.8860        1.5690       -2.0930 
   1   H29        4.8800        1.8540       -0.6700 

